58 99 42 90
35 45 49 79
52 22 67 19
14 59 14 75
93 78 97 31
72 96 62 73
49 71 43 56
94 44 77 17
30 20 12 85
92 44 32 25
40 73 29 19
10 62 25 59
88 35 11 94
31 24 70 39
53 16 95 55
68 57 80 42
69 98 39 35
16 89 13 72
43 60 26 50
38 50 46 55
54 50 15 85
25 68 66 18
56 94 45 43
48 87 46 41
83 32 91 47
92 34 54 51
33 93 63 87
28 98 49 37
17 92 74 39
32 71 58 53
67 12 28 96
29 42 86 33
53 13 40 77
88 41 67 18
12 84 81 88
15 79 95 94
30 11 26 20
34 24 29 26
15 75 46 70
52 93 62 76
15 57 10 12
81 13 13 58
44 32 28 76
59 82 84 35
87 91 65 99
89 63 83 56
87 82 43 17
59 39 78 74
75 15 18 77
68 33 61 65
22 60 84 90
27 66 96 63
96 40 97 31
21 48 23 41
34 31 61 90
97 14 13 36
47 61 69 83
19 11 20 40
73 41 38 99
38 28 77 43
36 81 38 26
89 51 22 85
56 79 38 67
23 21 16 95
88 64 24 60
84 45 52 21
36 51 54 26
21 66 78 69
80 37 93 57
64 23 63 74
14 82 47 78
20 69 52 86
79 92 64 37
76 25 80 90
12 33 17 91
40 71 53 98
76 32 68 31
50 55 65 29
35 23 36 19
72 51 24 70
65 27 44 85
27 27 18 33
60 42 61 47
28 72 18 37
20 30 34 98
10 95 16 16
86 70 37 66
29 64 27 25
58 71 55 82
91 97 45 10
49 24 45 36
30 81 41 22
42 30 80 44
54 34 74 46
99 83 73 17
39 22 19 62
14 11 86 21
11 46 75 48
23 48 89 57