2513
6160
7761
7052
3198
3480
9957
1946
8542
5406
8425
5031
4344
3104
6024
4149
1707
2205
2794
2291
2719
3931
5961
6201
1080
9148
4938
4375
9035
7216
5145
3155
5121
5250
4601
5962
5277
9682
2841
6268
6218
3247
6255
7675
8167
7538
3562
8599
2923
3307
9725
5090
5883
1056
5585
7180
5320
7151
6809
9571
7261
7164
8382
4709
1442
9006
9820
9128
3099
9075
3087
7332
4439
4780
8698
7279
6505
4326
7500
6352
5400
3681
5561
2714
2946
9940
1926
3994
4215
9507
3388
5294
8332
3572
4458
6017
4552
6422
6556
2940
5772
7173
1993
1883
6817
8579
8053
7094
8848
7776
7132
6359
4176
5893
1508
9635
2256
1617
9720
6809
7578
4751
2332
7009
7264
5472
8450
5479
1032
6587
4474
6508
8821
6870
2232
4310
4283
9960
2739
1326
1741
9822
5534
5780
9485
3809
4168
6363
8449
7653
5156
1818
6211
4721
1370
5100
8639
3435
2759
8038
2191
1381
5922
9703
6966
9898
6874
7852
9180
7239
4933
2110
5218
9745
2164
2029
4430
7057
1587
8414
6488
6470
4633
2560
3718
9589
8664
7267
4456
7687
7799
1200
5406
7198
1548
8031
9608
6775
8580
3741
